Mustafa,55,65,45
Ali,77,85,88
Mehmet,11,66,55
a,55,65,45
s,77,85,88
d,11,66,55
f,55,65,45
g,77,85,88
h,11,66,55
Mustafa,55,65,45
Ali,77,85,88
Mehmet,11,66,55
a,55,65,45
s,77,85,88
d,11,66,55
f,55,65,45
g,77,85,88
h,11,66,55
Mustafa,55,65,45
Ali,77,85,88
Mehmet,11,66,55
a,55,65,45
s,77,85,88
d,11,66,55
f,55,65,45
g,77,85,88
h,11,66,55
Mustafa,55,65,45
Ali,77,85,88
Mehmet,11,66,55
a,55,65,45
s,77,85,88
d,11,66,55
f,55,65,45
g,77,85,88
h,11,66,55
Mustafa,55,65,45
Ali,77,85,88
Mehmet,11,66,55
a,55,65,45
s,77,85,88
d,11,66,55
f,55,65,45
g,77,85,88
h,11,66,55
